5925 5177 0 M0039 0.0246052064676285
5925 4850 0 M0039 0.209827493627304
5925 4247 0 M0039 0.118525036677601
5925 5734 0 M0039 0.116216521506681
5925 5021 0 M0039 0.119857643076080
5925 4211 0 M0039 0.219826684805342
5925 5744 0 M0039 0.261567390593130
5925 4018 0 M0039 0.243809080714033
5925 2157 0 M0039 0.234164989208225
5925 905 0 M0039 0.173330655044920
5925 5801 0 M0039 0.0927336822356349
5925 4919 0 M0039 0.251172870859603
5925 4870 0 M0039 0.123754038980634
5925 5588 0 M0039 0.176940567282578
5925 4190 0 M0039 0.173039489723354
5925 4219 0 M0039 0.0382555453892246
5925 5394 0 M0039 0.195704725151682
5925 5449 0 M0039 0.0522189032767155
5925 174 0 M0039 0.0174159485955434
5925 5237 0 M0039 0.0874829252452983
5925 4205 0 M0039 0.203557214180334
5925 4874 0 M0039 0.143024316307628
5925 5806 0 M0039 0.199809366579121
5925 5517 0 M0039 0.206458685330999
5925 4851 0 M0039 0.216689928471643
5925 915 0 M0039 0.226435741448795
5925 5516 0 M0039 0.111594929889784
5925 1959 0 M0039 0.07898836130334
5925 4074 0 M0039 0.195099819000253
5925 2187 0 M0039 0.208758609507874
5925 4189 0 M0039 0.182553846090294
5925 3222 0 M0039 0.0847867169952143
5925 4843 0 M0039 0.00226316115316836
5925 6012 0 M0039 0.142820380674695
5925 5784 0 M0039 0.159455714394075
5925 5615 0 M0039 0.249310959935308
5925 3340 0 M0039 3.25978065201600e-06
5925 5567 0 M0039 0.0917391296181641
5925 5815 0 M0039 0.193034852879918
5925 3625 0 M0039 0.148164351922447
5925 4312 0 M0039 0.194235838223533
5925 4208 0 M0039 0.222968646076352
5925 5725 0 M0039 0.200359303708454
5925 2442 0 M0039 0.139083441742463
5925 6060 0 M0039 0.174588878682024
5925 6124 0 M0039 0.215768808714775
5925 6125 0 M0039 0.198631311437240
5925 6140 0 M0039 0.188350918280601
5177 4850 0 M0039 0.065828904321063
5177 4247 0 M0039 0.0105266295513510
5177 5734 0 M0039 0.09289056707563
5177 5021 0 M0039 0.0766350238276728
5177 4211 0 M0039 0.0809176376413773
5177 5744 0 M0039 0.0754082757922172
5177 4018 0 M0039 0.0904504381986374
5177 2157 0 M0039 0.0583046528531938
5177 905 0 M0039 0.0638974012684792
5177 5801 0 M0039 0.0500112790180198
5177 4919 0 M0039 0.0853686444374927
5177 4870 0 M0039 0.0712480041716877
5177 5588 0 M0039 0.0771104910253279
5177 4190 0 M0039 0.0622148279346077
5177 4219 0 M0039 0.0206456644981984
5177 5394 0 M0039 0.090026738139384
5177 5449 0 M0039 0.0151241646232823
5177 174 0 M0039 0.0283724528743898
5177 5237 0 M0039 0.0320730469343699
5177 4205 0 M0039 0.0921744106469237
5177 4874 0 M0039 0.0538425948176023
5177 5806 0 M0039 0.076760789326194
5177 5517 0 M0039 0.0553638940988795
5177 4851 0 M0039 0.0787905137833472
5177 915 0 M0039 0.0892391332707641
5177 5516 0 M0039 0.0330908862943331
5177 1959 0 M0039 0.00282819939544740
5177 4074 0 M0039 0.0724897056213093
5177 2187 0 M0039 0.087405139124847
5177 4189 0 M0039 0.0525722316786267
5177 3222 0 M0039 0.0313082576769474
5177 4843 0 M0039 0.00618505662139543
5177 6012 0 M0039 0.0449536233486164
5177 5784 0 M0039 0.0513643666390391
5177 5615 0 M0039 0.064264505536041
5177 3340 0 M0039 4.88552310137679e-05
5177 5567 0 M0039 0.0379322006998678
5177 5815 0 M0039 0.070669993220999
5177 3625 0 M0039 0.0927088305290533
5177 4312 0 M0039 0.0696813009910226
5177 4208 0 M0039 0.0626577417344376
5177 5725 0 M0039 0.0582269840076913
5177 2442 0 M0039 0.0424428662689288
5177 6060 0 M0039 0.0817254893842801
5177 6124 0 M0039 0.0796357803248711
5177 6125 0 M0039 0.0564438416692745
5177 6140 0 M0039 0.0916949902144107
4850 4247 0 M0039 0.196150523471919
4850 5734 0 M0039 0.17367472501731
4850 5021 0 M0039 0.143778652103538
4850 4211 0 M0039 0.25208709660136
4850 5744 0 M0039 0.274276211618173
4850 4018 0 M0039 0.272529649074333
4850 2157 0 M0039 0.243739541499018
4850 905 0 M0039 0.206485291578826
4850 5801 0 M0039 0.109743922029322
4850 4919 0 M0039 0.278229872976475
4850 4870 0 M0039 0.155843772336646
4850 5588 0 M0039 0.203286905224353
4850 4190 0 M0039 0.186824150922984
4850 4219 0 M0039 0.0800315665814318
4850 5394 0 M0039 0.229649866204742
4850 5449 0 M0039 0.112318232342458
4850 174 0 M0039 0.0159064261311156
4850 5237 0 M0039 0.151647653483846
4850 4205 0 M0039 0.243184438714667
4850 4874 0 M0039 0.160182247922092
4850 5806 0 M0039 0.230706126470183
4850 5517 0 M0039 0.245451182016965
4850 4851 0 M0039 0.262392526906354
4850 915 0 M0039 0.270513459042325
4850 5516 0 M0039 0.228935113941322
4850 1959 0 M0039 0.111231257443884
4850 4074 0 M0039 0.217986784625049
4850 2187 0 M0039 0.246481562313141
4850 4189 0 M0039 0.226546394451441
4850 3222 0 M0039 0.181695196457750
4850 4843 0 M0039 0.00557623669096051
4850 6012 0 M0039 0.215891205395775
4850 5784 0 M0039 0.157168566859795
4850 5615 0 M0039 0.252168982044430
4850 3340 0 M0039 3.53748979159276e-06
4850 5567 0 M0039 0.194993855655589
4850 5815 0 M0039 0.213463899522841
4850 3625 0 M0039 0.193779655015153
4850 4312 0 M0039 0.217662124909006
4850 4208 0 M0039 0.228574213891422
4850 5725 0 M0039 0.215312469084050
4850 2442 0 M0039 0.239712492190007
4850 6060 0 M0039 0.216423356579668
4850 6124 0 M0039 0.253540428081836
4850 6125 0 M0039 0.207164106798582
4850 6140 0 M0039 0.240813754556901
4247 5734 0 M0039 0.102192730461664
4247 5021 0 M0039 0.0894697296209504
4247 4211 0 M0039 0.189450693711709
4247 5744 0 M0039 0.221668575252761
4247 4018 0 M0039 0.187842183687077
4247 2157 0 M0039 0.249932223410679
4247 905 0 M0039 0.165034556085846
4247 5801 0 M0039 0.0690276702077474
4247 4919 0 M0039 0.221798049082332
4247 4870 0 M0039 0.0982243390318205
4247 5588 0 M0039 0.140551040070618
4247 4190 0 M0039 0.152223570752808
4247 4219 0 M0039 0.0176989028524088
4247 5394 0 M0039 0.168557804704117
4247 5449 0 M0039 0.0211577038706985
4247 174 0 M0039 0.00186887125057373
4247 5237 0 M0039 0.0737904355127297
4247 4205 0 M0039 0.164593102456014
4247 4874 0 M0039 0.114357884161758
4247 5806 0 M0039 0.163051790289932
4247 5517 0 M0039 0.207063358941722
4247 4851 0 M0039 0.219057218843318
4247 915 0 M0039 0.193290149360144
4247 5516 0 M0039 0.130682152186549
4247 1959 0 M0039 0.227153377342216
4247 4074 0 M0039 0.152216209513843
4247 2187 0 M0039 0.173336379024876
4247 4189 0 M0039 0.179248815021199
4247 3222 0 M0039 0.0627292818081411
4247 4843 0 M0039 0.000802641404066878
4247 6012 0 M0039 0.124566315782911
4247 5784 0 M0039 0.104557266658386
4247 5615 0 M0039 0.239497655964515
4247 3340 0 M0039 5.46651267058187e-05
4247 5567 0 M0039 0.0585639065008813
4247 5815 0 M0039 0.143784977414541
4247 3625 0 M0039 0.123803675753098
4247 4312 0 M0039 0.182343140342035
4247 4208 0 M0039 0.185358754166170
4247 5725 0 M0039 0.193946240123241
4247 2442 0 M0039 0.168747116428437
4247 6060 0 M0039 0.155806079766426
4247 6124 0 M0039 0.191387565969055
4247 6125 0 M0039 0.191721197340242
4247 6140 0 M0039 0.166601385968788
5734 5021 0 M0039 0.132462954870188
5734 4211 0 M0039 0.202217146259494
5734 5744 0 M0039 0.207171829117123
5734 4018 0 M0039 0.219136475833015
5734 2157 0 M0039 0.171452395249896
5734 905 0 M0039 0.157749427282623
5734 5801 0 M0039 0.102033443010193
5734 4919 0 M0039 0.214397378754590
5734 4870 0 M0039 0.137400925426995
5734 5588 0 M0039 0.16955663387218
5734 4190 0 M0039 0.152347204936998
5734 4219 0 M0039 0.0677283947996554
5734 5394 0 M0039 0.189482303646493
5734 5449 0 M0039 0.085157592396091
5734 174 0 M0039 0.0310649027882899
5734 5237 0 M0039 0.104634126687118
5734 4205 0 M0039 0.20826472010806
5734 4874 0 M0039 0.128391024590828
5734 5806 0 M0039 0.192944681475926
5734 5517 0 M0039 0.160302076014653
5734 4851 0 M0039 0.203650474201686
5734 915 0 M0039 0.22211811456256
5734 5516 0 M0039 0.139373877452464
5734 1959 0 M0039 0.0491726176054729
5734 4074 0 M0039 0.179492457825010
5734 2187 0 M0039 0.207329297796552
5734 4189 0 M0039 0.144169326773652
5734 3222 0 M0039 0.125012857368019
5734 4843 0 M0039 0.00758332660040077
5734 6012 0 M0039 0.136392521368593
5734 5784 0 M0039 0.128673881925579
5734 5615 0 M0039 0.184440424985756
5734 3340 0 M0039 3.41765302476147e-06
5734 5567 0 M0039 0.134812377538776
5734 5815 0 M0039 0.176768713937751
5734 3625 0 M0039 0.179630472156733
5734 4312 0 M0039 0.174428629851160
5734 4208 0 M0039 0.170825523989291
5734 5725 0 M0039 0.161735616210789
5734 2442 0 M0039 0.149301629693534
5734 6060 0 M0039 0.185853591144047
5734 6124 0 M0039 0.201695293550494
5734 6125 0 M0039 0.152764996767292
5734 6140 0 M0039 0.207508168437146
5021 4211 0 M0039 0.146743848189306
5021 5744 0 M0039 0.151956927634819
5021 4018 0 M0039 0.171158092316961
5021 2157 0 M0039 0.141123685600440
5021 905 0 M0039 0.135801737990506
5021 5801 0 M0039 0.0955006282914729
5021 4919 0 M0039 0.152461964534605
5021 4870 0 M0039 0.131810348681744
5021 5588 0 M0039 0.127914139314283
5021 4190 0 M0039 0.11890073014551
5021 4219 0 M0039 0.0844954129158172
5021 5394 0 M0039 0.134634398056090
5021 5449 0 M0039 0.0894415648745963
5021 174 0 M0039 0.0516263344717627
5021 5237 0 M0039 0.115699243271553
5021 4205 0 M0039 0.153145478255314
5021 4874 0 M0039 0.114307950954561
5021 5806 0 M0039 0.145419177627264
5021 5517 0 M0039 0.140657203232690
5021 4851 0 M0039 0.152602976940870
5021 915 0 M0039 0.160746768109603
5021 5516 0 M0039 0.130116777638543
5021 1959 0 M0039 0.0398043200822603
5021 4074 0 M0039 0.139533449749855
5021 2187 0 M0039 0.150609921026179
5021 4189 0 M0039 0.136698206313767
5021 3222 0 M0039 0.124262306346308
5021 4843 0 M0039 0.0105754818586677
5021 6012 0 M0039 0.138828742776408
5021 5784 0 M0039 0.113278990917779
5021 5615 0 M0039 0.135234250506141
5021 3340 0 M0039 1.33000767536182e-05
5021 5567 0 M0039 0.12913623420769
5021 5815 0 M0039 0.142888699231715
5021 3625 0 M0039 0.126143502336788
5021 4312 0 M0039 0.139257509690729
5021 4208 0 M0039 0.128242049990155
5021 5725 0 M0039 0.131501208579529
5021 2442 0 M0039 0.141033175090451
5021 6060 0 M0039 0.126169006877523
5021 6124 0 M0039 0.143653903964858
5021 6125 0 M0039 0.129312430411723
5021 6140 0 M0039 0.145857281431059
4211 5744 0 M0039 0.22699138008028
4211 4018 0 M0039 0.236993803545300
4211 2157 0 M0039 0.259523454686625
4211 905 0 M0039 0.230529205663951
4211 5801 0 M0039 0.132363988623747
4211 4919 0 M0039 0.240358114615309
4211 4870 0 M0039 0.192309354791461
4211 5588 0 M0039 0.171393307924518
4211 4190 0 M0039 0.191030425289224
4211 4219 0 M0039 0.100546735161045
4211 5394 0 M0039 0.21978659835742
4211 5449 0 M0039 0.127061843068240
4211 174 0 M0039 0.0312263171358111
4211 5237 0 M0039 0.181886862983130
4211 4205 0 M0039 0.211603381875964
4211 4874 0 M0039 0.185110727207807
4211 5806 0 M0039 0.203387024238881
4211 5517 0 M0039 0.262152898463101
4211 4851 0 M0039 0.271122916686254
4211 915 0 M0039 0.230810882331658
4211 5516 0 M0039 0.243222652590581
4211 1959 0 M0039 0.0927086630410856
4211 4074 0 M0039 0.192223757337904
4211 2187 0 M0039 0.212708548343316
4211 4189 0 M0039 0.247906864735775
4211 3222 0 M0039 0.205339042653514
4211 4843 0 M0039 0.00775704926183011
4211 6012 0 M0039 0.240250604612843
4211 5784 0 M0039 0.147155363086312
4211 5615 0 M0039 0.246979285742143
4211 3340 0 M0039 2.22587228164015e-06
4211 5567 0 M0039 0.212904403255149
4211 5815 0 M0039 0.193252833498436
4211 3625 0 M0039 0.186351826067156
4211 4312 0 M0039 0.241791131474357
4211 4208 0 M0039 0.205342737325705
4211 5725 0 M0039 0.232835864474585
4211 2442 0 M0039 0.266731670226771
4211 6060 0 M0039 0.203627625285171
4211 6124 0 M0039 0.215144536813848
4211 6125 0 M0039 0.224500634110804
4211 6140 0 M0039 0.210011924298162
5744 4018 0 M0039 0.232512983968536
5744 2157 0 M0039 0.290839713273735
5744 905 0 M0039 0.244607000227822
5744 5801 0 M0039 0.137799676008532
5744 4919 0 M0039 0.258630190312731
5744 4870 0 M0039 0.193307332890009
5744 5588 0 M0039 0.184159358586584
5744 4190 0 M0039 0.206827112319287
5744 4219 0 M0039 0.10320640775384
5744 5394 0 M0039 0.230886766992422
5744 5449 0 M0039 0.132903279495783
5744 174 0 M0039 0.0321770085426221
5744 5237 0 M0039 0.196284664494010
5744 4205 0 M0039 0.201573655996047
5744 4874 0 M0039 0.193178611001157
5744 5806 0 M0039 0.198553089988403
5744 5517 0 M0039 0.289551207749461
5744 4851 0 M0039 0.286928564645322
5744 915 0 M0039 0.221678278960643
5744 5516 0 M0039 0.258832342302033
5744 1959 0 M0039 0.117893474374150
5744 4074 0 M0039 0.189711033127658
5744 2187 0 M0039 0.203606161759762
5744 4189 0 M0039 0.279750988562287
5744 3222 0 M0039 0.207878407681625
5744 4843 0 M0039 0.00634859234302389
5744 6012 0 M0039 0.265803650568947
5744 5784 0 M0039 0.148052867310520
5744 5615 0 M0039 0.275941893284312
5744 3340 0 M0039 2.1725145548854e-06
5744 5567 0 M0039 0.221606754335337
5744 5815 0 M0039 0.190369411839024
5744 3625 0 M0039 0.188063409870242
5744 4312 0 M0039 0.258876584406985
5744 4208 0 M0039 0.227230775210188
5744 5725 0 M0039 0.251136622764954
5744 2442 0 M0039 0.277741343392847
5744 6060 0 M0039 0.213401676509322
5744 6124 0 M0039 0.227817444569225
5744 6125 0 M0039 0.247745307974426
5744 6140 0 M0039 0.215750316937009
4018 2157 0 M0039 0.276737165208716
4018 905 0 M0039 0.248876652327255
4018 5801 0 M0039 0.152595432692169
4018 4919 0 M0039 0.260916690623342
4018 4870 0 M0039 0.210391948687838
4018 5588 0 M0039 0.194790307475744
4018 4190 0 M0039 0.210160640926345
4018 4219 0 M0039 0.121248544435995
4018 5394 0 M0039 0.239010296124215
4018 5449 0 M0039 0.139126908074678
4018 174 0 M0039 0.0477320716379398
4018 5237 0 M0039 0.201681870561920
4018 4205 0 M0039 0.195988856276486
4018 4874 0 M0039 0.207337341597945
4018 5806 0 M0039 0.188306522037996
4018 5517 0 M0039 0.278977684546189
4018 4851 0 M0039 0.285885212325472
4018 915 0 M0039 0.217418264137144
4018 5516 0 M0039 0.254577014648902
4018 1959 0 M0039 0.089526323844916
4018 4074 0 M0039 0.197550270938447
4018 2187 0 M0039 0.214605923254527
4018 4189 0 M0039 0.265837124386716
4018 3222 0 M0039 0.221899939452465
4018 4843 0 M0039 0.00938488985277855
4018 6012 0 M0039 0.266715144747002
4018 5784 0 M0039 0.14012720281961
4018 5615 0 M0039 0.264629909208094
4018 3340 0 M0039 1.42105084379893e-06
4018 5567 0 M0039 0.225708480826776
4018 5815 0 M0039 0.160019994093441
4018 3625 0 M0039 0.205456080822158
4018 4312 0 M0039 0.258508285966372
4018 4208 0 M0039 0.2310998189618
4018 5725 0 M0039 0.24907107991526
4018 2442 0 M0039 0.273642636899617
4018 6060 0 M0039 0.223585131159882
4018 6124 0 M0039 0.238177738737548
4018 6125 0 M0039 0.24237459329072
4018 6140 0 M0039 0.229432539362997
2157 905 0 M0039 0.215074369062546
2157 5801 0 M0039 0.108012844795720
2157 4919 0 M0039 0.290508739366465
2157 4870 0 M0039 0.153715289862821
2157 5588 0 M0039 0.204280669541461
2157 4190 0 M0039 0.197742991819130
2157 4219 0 M0039 0.0758642750603469
2157 5394 0 M0039 0.233013061792060
2157 5449 0 M0039 0.105527246949682
2157 174 0 M0039 0.0110311057510654
2157 5237 0 M0039 0.159308399554973
2157 4205 0 M0039 0.243781921549759
2157 4874 0 M0039 0.163639065031924
2157 5806 0 M0039 0.236720243056119
2157 5517 0 M0039 0.260557054358041
2157 4851 0 M0039 0.271852209340730
2157 915 0 M0039 0.274199115413189
2157 5516 0 M0039 0.249365603389476
2157 1959 0 M0039 0.160962041136467
2157 4074 0 M0039 0.222583752635282
2157 2187 0 M0039 0.250403922039345
2157 4189 0 M0039 0.249010599543619
2157 3222 0 M0039 0.183968555366312
2157 4843 0 M0039 0.0047807582205517
2157 6012 0 M0039 0.226219707811071
2157 5784 0 M0039 0.159672984109745
2157 5615 0 M0039 0.275580498648325
2157 3340 0 M0039 9.22652587945723e-06
2157 5567 0 M0039 0.201141952099029
2157 5815 0 M0039 0.215317825391309
2157 3625 0 M0039 0.190272440584966
2157 4312 0 M0039 0.231732177289436
2157 4208 0 M0039 0.243591561931108
2157 5725 0 M0039 0.232860381691223
2157 2442 0 M0039 0.259827922448338
2157 6060 0 M0039 0.219745044801313
2157 6124 0 M0039 0.264146262751284
2157 6125 0 M0039 0.221514540839628
2157 6140 0 M0039 0.240380468514125
905 5801 0 M0039 0.101159908963678
905 4919 0 M0039 0.257398798990584
905 4870 0 M0039 0.141424289501300
905 5588 0 M0039 0.196134325718862
905 4190 0 M0039 0.169917609541358
905 4219 0 M0039 0.0749972639994665
905 5394 0 M0039 0.214113647968413
905 5449 0 M0039 0.109730437733945
905 174 0 M0039 0.0202545898463486
905 5237 0 M0039 0.136860940822187
905 4205 0 M0039 0.234215384414745
905 4874 0 M0039 0.150085984012658
905 5806 0 M0039 0.212464163158118
905 5517 0 M0039 0.214081704483802
905 4851 0 M0039 0.236607288067277
905 915 0 M0039 0.251033830132894
905 5516 0 M0039 0.200976684703871
905 1959 0 M0039 0.0898354983814736
905 4074 0 M0039 0.206702903338348
905 2187 0 M0039 0.227495983188404
905 4189 0 M0039 0.203430276283024
905 3222 0 M0039 0.164462910054059
905 4843 0 M0039 0.00646368728808093
905 6012 0 M0039 0.18240943689241
905 5784 0 M0039 0.147638854261003
905 5615 0 M0039 0.223164272453168
905 3340 0 M0039 5.78654347737754e-06
905 5567 0 M0039 0.194570330504409
905 5815 0 M0039 0.201056366892887
905 3625 0 M0039 0.179183873067231
905 4312 0 M0039 0.203653493408229
905 4208 0 M0039 0.211270368756656
905 5725 0 M0039 0.190683324239377
905 2442 0 M0039 0.215620612539303
905 6060 0 M0039 0.201262105691812
905 6124 0 M0039 0.234283598727634
905 6125 0 M0039 0.190636999233983
905 6140 0 M0039 0.223273058054074
5801 4919 0 M0039 0.133490205120795
5801 4870 0 M0039 0.103792088914468
5801 5588 0 M0039 0.114344956121991
5801 4190 0 M0039 0.109121964874891
5801 4219 0 M0039 0.0628917710529745
5801 5394 0 M0039 0.114301687857658
5801 5449 0 M0039 0.0706345654011719
5801 174 0 M0039 0.0619737441625983
5801 5237 0 M0039 0.0926364944185326
5801 4205 0 M0039 0.139254782592113
5801 4874 0 M0039 0.0891881604209766
5801 5806 0 M0039 0.139802958247159
5801 5517 0 M0039 0.107191281004442
5801 4851 0 M0039 0.118254782251881
5801 915 0 M0039 0.148407176738154
5801 5516 0 M0039 0.0973134503711072
5801 1959 0 M0039 0.0291359643540018
5801 4074 0 M0039 0.132238126313715
5801 2187 0 M0039 0.138700399658546
5801 4189 0 M0039 0.102869696258286
5801 3222 0 M0039 0.0962504152380255
5801 4843 0 M0039 0.00486257304900956
5801 6012 0 M0039 0.106127326808067
5801 5784 0 M0039 0.106786225599082
5801 5615 0 M0039 0.113675472117783
5801 3340 0 M0039 7.97234395056396e-06
5801 5567 0 M0039 0.0936365486992055
5801 5815 0 M0039 0.133211524044998
5801 3625 0 M0039 0.116624471380967
5801 4312 0 M0039 0.109660596345562
5801 4208 0 M0039 0.113685869979523
5801 5725 0 M0039 0.107217008853269
5801 2442 0 M0039 0.109299943549128
5801 6060 0 M0039 0.111582887883629
5801 6124 0 M0039 0.124826091136164
5801 6125 0 M0039 0.103128240467846
5801 6140 0 M0039 0.132538780544226
4919 4870 0 M0039 0.199702325083008
4919 5588 0 M0039 0.197296082229237
4919 4190 0 M0039 0.202730694242742
4919 4219 0 M0039 0.109043491597724
4919 5394 0 M0039 0.238106183498825
4919 5449 0 M0039 0.152295847245302
4919 174 0 M0039 0.0212107095210033
4919 5237 0 M0039 0.194353548582922
4919 4205 0 M0039 0.236075851299477
4919 4874 0 M0039 0.196700758334415
4919 5806 0 M0039 0.221943421933819
4919 5517 0 M0039 0.293523762614417
4919 4851 0 M0039 0.299014049726761
4919 915 0 M0039 0.257729889952493
4919 5516 0 M0039 0.267088989706642
4919 1959 0 M0039 0.11649832197622
4919 4074 0 M0039 0.216823371882409
4919 2187 0 M0039 0.237953000152148
4919 4189 0 M0039 0.277288014824076
4919 3222 0 M0039 0.223650953479946
4919 4843 0 M0039 0.00847825202854172
4919 6012 0 M0039 0.263166776318903
4919 5784 0 M0039 0.158838627324873
4919 5615 0 M0039 0.271966042150447
4919 3340 0 M0039 2.45698454549725e-06
4919 5567 0 M0039 0.250442131153270
4919 5815 0 M0039 0.208602008415845
4919 3625 0 M0039 0.191981726685684
4919 4312 0 M0039 0.268748625226722
4919 4208 0 M0039 0.226335734424519
4919 5725 0 M0039 0.246978017851982
4919 2442 0 M0039 0.290845509696505
4919 6060 0 M0039 0.216886041386737
4919 6124 0 M0039 0.239082179103843
4919 6125 0 M0039 0.249137399307792
4919 6140 0 M0039 0.227930644705765
4870 5588 0 M0039 0.158867397577135
4870 4190 0 M0039 0.14367630426377
4870 4219 0 M0039 0.078953749346716
4870 5394 0 M0039 0.174804337160504
4870 5449 0 M0039 0.0936408443608844
4870 174 0 M0039 0.0370372849923770
4870 5237 0 M0039 0.115146628831593
4870 4205 0 M0039 0.190083274970129
4870 4874 0 M0039 0.125858114983638
4870 5806 0 M0039 0.179712166746698
4870 5517 0 M0039 0.152577986108326
4870 4851 0 M0039 0.180949620495999
4870 915 0 M0039 0.206044605198896
4870 5516 0 M0039 0.137899045328332
4870 1959 0 M0039 0.0443833298303937
4870 4074 0 M0039 0.173476598150323
4870 2187 0 M0039 0.194988879023664
4870 4189 0 M0039 0.145254515022489
4870 3222 0 M0039 0.128651771782212
4870 4843 0 M0039 0.0102443064269354
4870 6012 0 M0039 0.146306531550836
4870 5784 0 M0039 0.128340502544304
4870 5615 0 M0039 0.168804950621354
4870 3340 0 M0039 3.18117713040411e-06
4870 5567 0 M0039 0.139699887396338
4870 5815 0 M0039 0.169930832724807
4870 3625 0 M0039 0.162071474339409
4870 4312 0 M0039 0.155349796875089
4870 4208 0 M0039 0.160776800790438
4870 5725 0 M0039 0.152967612435810
4870 2442 0 M0039 0.153617791191968
4870 6060 0 M0039 0.161908201680072
4870 6124 0 M0039 0.183398594059309
4870 6125 0 M0039 0.138999404496452
4870 6140 0 M0039 0.189130350859183
5588 4190 0 M0039 0.157921914540243
5588 4219 0 M0039 0.0920374707730146
5588 5394 0 M0039 0.185771413173225
5588 5449 0 M0039 0.140993457347306
5588 174 0 M0039 0.0423539508254105
5588 5237 0 M0039 0.150915476332178
5588 4205 0 M0039 0.182783174874500
5588 4874 0 M0039 0.149857657881621
5588 5806 0 M0039 0.170025187364109
5588 5517 0 M0039 0.206531595037965
5588 4851 0 M0039 0.218761785350078
5588 915 0 M0039 0.195406380653355
5588 5516 0 M0039 0.18618738448292
5588 1959 0 M0039 0.0680693098892622
5588 4074 0 M0039 0.166753777515531
5588 2187 0 M0039 0.176885064641005
5588 4189 0 M0039 0.197087560832705
5588 3222 0 M0039 0.169508374785622
5588 4843 0 M0039 0.00758319894098734
5588 6012 0 M0039 0.190137179498537
5588 5784 0 M0039 0.127547591935400
5588 5615 0 M0039 0.192332817109653
5588 3340 0 M0039 4.31214959550298e-06
5588 5567 0 M0039 0.196293657543297
5588 5815 0 M0039 0.167186058937975
5588 3625 0 M0039 0.155243687978381
5588 4312 0 M0039 0.197862282746608
5588 4208 0 M0039 0.167710593812417
5588 5725 0 M0039 0.178606663261114
5588 2442 0 M0039 0.203128129313046
5588 6060 0 M0039 0.169012429979205
5588 6124 0 M0039 0.169546552261872
5588 6125 0 M0039 0.187067824238946
5588 6140 0 M0039 0.177899378497592
4190 4219 0 M0039 0.0795570377939995
4190 5394 0 M0039 0.167483095372257
4190 5449 0 M0039 0.0952733743832187
4190 174 0 M0039 0.0360205272226853
4190 5237 0 M0039 0.156511860909962
4190 4205 0 M0039 0.189575709004858
4190 4874 0 M0039 0.135623996651261
4190 5806 0 M0039 0.187343159623823
4190 5517 0 M0039 0.192880624840891
4190 4851 0 M0039 0.200172297977237
4190 915 0 M0039 0.212008986858926
4190 5516 0 M0039 0.183794349729832
4190 1959 0 M0039 0.0765072555996731
4190 4074 0 M0039 0.177440072163786
4190 2187 0 M0039 0.191876782661674
4190 4189 0 M0039 0.184679215360216
4190 3222 0 M0039 0.159545235908967
4190 4843 0 M0039 0.00549357198286701
4190 6012 0 M0039 0.181371413873432
4190 5784 0 M0039 0.132250383683702
4190 5615 0 M0039 0.187690615885802
4190 3340 0 M0039 5.15699746212446e-08
4190 5567 0 M0039 0.159425816596200
4190 5815 0 M0039 0.177342391258005
4190 3625 0 M0039 0.152968694738503
4190 4312 0 M0039 0.186417505816788
4190 4208 0 M0039 0.170362967877427
4190 5725 0 M0039 0.178130940996806
4190 2442 0 M0039 0.196979182541243
4190 6060 0 M0039 0.159860671350117
4190 6124 0 M0039 0.18603458083369
4190 6125 0 M0039 0.177478808062247
4190 6140 0 M0039 0.185019481751591
4219 5394 0 M0039 0.0913609799830526
4219 5449 0 M0039 0.0235200078016066
4219 174 0 M0039 0.0463434581276978
4219 5237 0 M0039 0.0432158191229051
4219 4205 0 M0039 0.109148165165431
4219 4874 0 M0039 0.0761693950097086
4219 5806 0 M0039 0.101364205286313
4219 5517 0 M0039 0.0707396174414738
4219 4851 0 M0039 0.0892446896565916
4219 915 0 M0039 0.111901104434652
4219 5516 0 M0039 0.0398695865000914
4219 1959 0 M0039 0.00764765063651276
4219 4074 0 M0039 0.103247118306131
4219 2187 0 M0039 0.109678232980714
4219 4189 0 M0039 0.062581040814173
4219 3222 0 M0039 0.0400792279752353
4219 4843 0 M0039 0.0126118337634543
4219 6012 0 M0039 0.0597092448570447
4219 5784 0 M0039 0.0808992339433946
4219 5615 0 M0039 0.0862913274429077
4219 3340 0 M0039 1.9182222889219e-05
4219 5567 0 M0039 0.0291474378436918
4219 5815 0 M0039 0.099066442061033
4219 3625 0 M0039 0.0919577908753988
4219 4312 0 M0039 0.0821259520295715
4219 4208 0 M0039 0.0884083967187437
4219 5725 0 M0039 0.0783019075743329
4219 2442 0 M0039 0.0521511128628676
4219 6060 0 M0039 0.0841740429034876
4219 6124 0 M0039 0.0988548415533341
4219 6125 0 M0039 0.073498064189636
4219 6140 0 M0039 0.101353377959032
5394 5449 0 M0039 0.136790201430745
5394 174 0 M0039 0.0274466921534144
5394 5237 0 M0039 0.156917500384426
5394 4205 0 M0039 0.220638618393429
5394 4874 0 M0039 0.158575268163292
5394 5806 0 M0039 0.204683202534391
5394 5517 0 M0039 0.238672718183049
5394 4851 0 M0039 0.248340492625168
5394 915 0 M0039 0.241010098621748
5394 5516 0 M0039 0.219432923487730
5394 1959 0 M0039 0.0843948077493012
5394 4074 0 M0039 0.195033139038787
5394 2187 0 M0039 0.219485276161242
5394 4189 0 M0039 0.223557871185956
5394 3222 0 M0039 0.188877223516983
5394 4843 0 M0039 0.00887959741563177
5394 6012 0 M0039 0.215251458190022
5394 5784 0 M0039 0.140924164236806
5394 5615 0 M0039 0.216388082076227
5394 3340 0 M0039 1.19961069644066e-06
5394 5567 0 M0039 0.213339978145883
5394 5815 0 M0039 0.194541544629447
5394 3625 0 M0039 0.180712086901740
5394 4312 0 M0039 0.219240806987165
5394 4208 0 M0039 0.192841284814363
5394 5725 0 M0039 0.199868181940321
5394 2442 0 M0039 0.236940295941874
5394 6060 0 M0039 0.191822945358644
5394 6124 0 M0039 0.218889908813821
5394 6125 0 M0039 0.201345817679049
5394 6140 0 M0039 0.216235395457493
5449 174 0 M0039 0.0291793294487291
5449 5237 0 M0039 0.0473382032521392
5449 4205 0 M0039 0.142100834483586
5449 4874 0 M0039 0.0837505309012352
5449 5806 0 M0039 0.123210537040537
5449 5517 0 M0039 0.101270705129488
5449 4851 0 M0039 0.128930197077671
5449 915 0 M0039 0.144593520892178
5449 5516 0 M0039 0.0520348121270736
5449 1959 0 M0039 0.00762538814307249
5449 4074 0 M0039 0.129300219340511
5449 2187 0 M0039 0.135833670738513
5449 4189 0 M0039 0.0880868898094268
5449 3222 0 M0039 0.0411795744600317
5449 4843 0 M0039 0.00188340040214261
5449 6012 0 M0039 0.0767489753914623
5449 5784 0 M0039 0.0912544155213376
5449 5615 0 M0039 0.115801236747432
5449 3340 0 M0039 3.28956222254152e-05
5449 5567 0 M0039 0.0463004548085972
5449 5815 0 M0039 0.118946666454661
5449 3625 0 M0039 0.112471815688817
5449 4312 0 M0039 0.119560304404309
5449 4208 0 M0039 0.114916238307322
5449 5725 0 M0039 0.0987659043292827
5449 2442 0 M0039 0.0726837265351152
5449 6060 0 M0039 0.113477035549557
5449 6124 0 M0039 0.123501059342706
5449 6125 0 M0039 0.101870640872653
5449 6140 0 M0039 0.133925720021484
174 5237 0 M0039 0.0303469940921333
174 4205 0 M0039 0.0460655418891724
174 4874 0 M0039 0.0366136766726104
174 5806 0 M0039 0.0483802969150557
174 5517 0 M0039 0.0122524084345642
174 4851 0 M0039 0.011745178732578
174 915 0 M0039 0.0373734199128394
174 5516 0 M0039 0.00864633791542879
174 1959 0 M0039 0.000530236096331346
174 4074 0 M0039 0.0449505079226677
174 2187 0 M0039 0.0393247557284225
174 4189 0 M0039 0.0143134830157779
174 3222 0 M0039 0.0174398327089152
174 4843 0 M0039 0.0033437293265903
174 6012 0 M0039 0.0201011272179357
174 5784 0 M0039 0.0639262082211396
174 5615 0 M0039 0.0180165674599167
174 3340 0 M0039 0.00120139620774141
174 5567 0 M0039 0.00914390707936575
174 5815 0 M0039 0.058732871367334
174 3625 0 M0039 0.0428482459072210
174 4312 0 M0039 0.0198876685463928
174 4208 0 M0039 0.0322597354203254
174 5725 0 M0039 0.0239732452580342
174 2442 0 M0039 0.00830831394270823
174 6060 0 M0039 0.0342942366299737
174 6124 0 M0039 0.0318067367804812
174 6125 0 M0039 0.0216033542979251
174 6140 0 M0039 0.0337569514390204
5237 4205 0 M0039 0.176652342897399
5237 4874 0 M0039 0.128033222300246
5237 5806 0 M0039 0.172877309801303
5237 5517 0 M0039 0.142514427632109
5237 4851 0 M0039 0.168846469977963
5237 915 0 M0039 0.196287507974784
5237 5516 0 M0039 0.0931370286729385
5237 1959 0 M0039 0.0361274508534409
5237 4074 0 M0039 0.167098256162474
5237 2187 0 M0039 0.177985296543731
5237 4189 0 M0039 0.126433294819835
5237 3222 0 M0039 0.0792489803662727
5237 4843 0 M0039 0.0032410012859406
5237 6012 0 M0039 0.108888232856437
5237 5784 0 M0039 0.129350790523739
5237 5615 0 M0039 0.174841054109653
5237 3340 0 M0039 1.55054609598252e-06
5237 5567 0 M0039 0.0878672804409479
5237 5815 0 M0039 0.165193489902447
5237 3625 0 M0039 0.139968876006994
5237 4312 0 M0039 0.152459464221633
5237 4208 0 M0039 0.163166485756718
5237 5725 0 M0039 0.154853516696072
5237 2442 0 M0039 0.108111041908085
5237 6060 0 M0039 0.146598634991864
5237 6124 0 M0039 0.173762518990795
5237 6125 0 M0039 0.144687030186876
5237 6140 0 M0039 0.171455431406553
4205 4874 0 M0039 0.180023742293393
4205 5806 0 M0039 0.172148191584447
4205 5517 0 M0039 0.248148179905917
4205 4851 0 M0039 0.264939635734582
4205 915 0 M0039 0.201181649154996
4205 5516 0 M0039 0.227023600290005
4205 1959 0 M0039 0.0763673810330095
4205 4074 0 M0039 0.179097967446770
4205 2187 0 M0039 0.196171610049176
4205 4189 0 M0039 0.233541170311606
4205 3222 0 M0039 0.210470418670620
4205 4843 0 M0039 0.00808504537745874
4205 6012 0 M0039 0.228623918255306
4205 5784 0 M0039 0.128877040443074
4205 5615 0 M0039 0.230117158460559
4205 3340 0 M0039 3.59453957401827e-06
4205 5567 0 M0039 0.216187365822018
4205 5815 0 M0039 0.167895485832764
4205 3625 0 M0039 0.193062914433550
4205 4312 0 M0039 0.241660823646315
4205 4208 0 M0039 0.20375419196872
4205 5725 0 M0039 0.218288849979209
4205 2442 0 M0039 0.248858753525297
4205 6060 0 M0039 0.209199634837362
4205 6124 0 M0039 0.213390056851578
4205 6125 0 M0039 0.221552370347936
4205 6140 0 M0039 0.216282268162391
4874 5806 0 M0039 0.172529413441021
4874 5517 0 M0039 0.166563400699709
4874 4851 0 M0039 0.170390326404436
4874 915 0 M0039 0.196099499158159
4874 5516 0 M0039 0.158819379351219
4874 1959 0 M0039 0.0551813440026828
4874 4074 0 M0039 0.168467361100914
4874 2187 0 M0039 0.184744035229381
4874 4189 0 M0039 0.158416953177176
4874 3222 0 M0039 0.131377996052386
4874 4843 0 M0039 0.00658939046314641
4874 6012 0 M0039 0.150713852054506
4874 5784 0 M0039 0.134578882610069
4874 5615 0 M0039 0.170707061823296
4874 3340 0 M0039 2.54772702742498e-06
4874 5567 0 M0039 0.143224307539943
4874 5815 0 M0039 0.166948291273315
4874 3625 0 M0039 0.143495441221550
4874 4312 0 M0039 0.152244449503904
4874 4208 0 M0039 0.165081951915681
4874 5725 0 M0039 0.149106690877638
4874 2442 0 M0039 0.166745612357411
4874 6060 0 M0039 0.150587348937096
4874 6124 0 M0039 0.178918035172277
4874 6125 0 M0039 0.144550326643659
4874 6140 0 M0039 0.172256744288455
5806 5517 0 M0039 0.234082734548351
5806 4851 0 M0039 0.248324235261420
5806 915 0 M0039 0.191088123082103
5806 5516 0 M0039 0.214587229802637
5806 1959 0 M0039 0.0759978435946956
5806 4074 0 M0039 0.173022232029420
5806 2187 0 M0039 0.186772767598063
5806 4189 0 M0039 0.222193383267385
5806 3222 0 M0039 0.18913838654491
5806 4843 0 M0039 0.00626357543900431
5806 6012 0 M0039 0.229574558122771
5806 5784 0 M0039 0.127004473170296
5806 5615 0 M0039 0.225448307476361
5806 3340 0 M0039 1.07414813032652e-06
5806 5567 0 M0039 0.186690038537704
5806 5815 0 M0039 0.162174793038740
5806 3625 0 M0039 0.183973741614608
5806 4312 0 M0039 0.227350657742662
5806 4208 0 M0039 0.194252217935481
5806 5725 0 M0039 0.219092963518621
5806 2442 0 M0039 0.235119080407934
5806 6060 0 M0039 0.196745697161766
5806 6124 0 M0039 0.204481705513098
5806 6125 0 M0039 0.208546211662802
5806 6140 0 M0039 0.202979320161355
5517 4851 0 M0039 0.276824880175747
5517 915 0 M0039 0.278635080569453
5517 5516 0 M0039 0.220999538319314
5517 1959 0 M0039 0.126709848442107
5517 4074 0 M0039 0.223821662733898
5517 2187 0 M0039 0.254807737007115
5517 4189 0 M0039 0.225122441113544
5517 3222 0 M0039 0.165209613682725
5517 4843 0 M0039 0.00460675173349467
5517 6012 0 M0039 0.203515577338599
5517 5784 0 M0039 0.158817227459324
5517 5615 0 M0039 0.274050696232292
5517 3340 0 M0039 9.32718748551853e-06
5517 5567 0 M0039 0.185102375706554
5517 5815 0 M0039 0.218006745953985
5517 3625 0 M0039 0.193708377637251
5517 4312 0 M0039 0.232230870590908
5517 4208 0 M0039 0.241925519818226
5517 5725 0 M0039 0.225082900589984
5517 2442 0 M0039 0.236128837296519
5517 6060 0 M0039 0.224519895905583
5517 6124 0 M0039 0.264854334504821
5517 6125 0 M0039 0.217935224187055
5517 6140 0 M0039 0.245155572208781
4851 915 0 M0039 0.29755166525637
4851 5516 0 M0039 0.263145584778592
4851 1959 0 M0039 0.120009857996582
4851 4074 0 M0039 0.235007962453736
4851 2187 0 M0039 0.270618066480763
4851 4189 0 M0039 0.250125053898858
4851 3222 0 M0039 0.209325447039964
4851 4843 0 M0039 0.00620405271880514
4851 6012 0 M0039 0.244183963505341
4851 5784 0 M0039 0.1588221885852
4851 5615 0 M0039 0.265116089459369
4851 3340 0 M0039 4.57881709661489e-06
4851 5567 0 M0039 0.227554361104487
4851 5815 0 M0039 0.226477437881592
4851 3625 0 M0039 0.216799315215587
4851 4312 0 M0039 0.245524296742745
4851 4208 0 M0039 0.238096953048567
4851 5725 0 M0039 0.228856241268042
4851 2442 0 M0039 0.284160680505282
4851 6060 0 M0039 0.237823636817273
4851 6124 0 M0039 0.274175902817869
4851 6125 0 M0039 0.225635088945392
4851 6140 0 M0039 0.270180235651631
915 5516 0 M0039 0.265922276057058
915 1959 0 M0039 0.0909479127043328
915 4074 0 M0039 0.192251982608994
915 2187 0 M0039 0.213900596839189
915 4189 0 M0039 0.255965764736291
915 3222 0 M0039 0.231367242513321
915 4843 0 M0039 0.00780114866051883
915 6012 0 M0039 0.258515207114100
915 5784 0 M0039 0.134238938638765
915 5615 0 M0039 0.257664486833298
915 3340 0 M0039 7.77383503351852e-07
915 5567 0 M0039 0.235793439775771
915 5815 0 M0039 0.183285860520838
915 3625 0 M0039 0.209773450061864
915 4312 0 M0039 0.264430607182282
915 4208 0 M0039 0.217027285928471
915 5725 0 M0039 0.243532084262102
915 2442 0 M0039 0.287235453139641
915 6060 0 M0039 0.227481531764435
915 6124 0 M0039 0.230448263503916
915 6125 0 M0039 0.244573030671563
915 6140 0 M0039 0.23898162643091
5516 1959 0 M0039 0.0815761374654406
5516 4074 0 M0039 0.201008572523462
5516 2187 0 M0039 0.240788986217889
5516 4189 0 M0039 0.182954532535286
5516 3222 0 M0039 0.110181723548160
5516 4843 0 M0039 0.00310215927347039
5516 6012 0 M0039 0.155137658778332
5516 5784 0 M0039 0.137561744192399
5516 5615 0 M0039 0.246592768916973
5516 3340 0 M0039 2.08374983124821e-05
5516 5567 0 M0039 0.113807706816693
5516 5815 0 M0039 0.19563610486415
5516 3625 0 M0039 0.183606153315396
5516 4312 0 M0039 0.215068825247634
5516 4208 0 M0039 0.215486824605945
5516 5725 0 M0039 0.210931612114767
5516 2442 0 M0039 0.188319276436281
5516 6060 0 M0039 0.214620545777597
5516 6124 0 M0039 0.250659250037935
5516 6125 0 M0039 0.208699989840785
5516 6140 0 M0039 0.235066463427251
1959 4074 0 M0039 0.0713966182575214
1959 2187 0 M0039 0.0820723913449282
1959 4189 0 M0039 0.112745441023334
1959 3222 0 M0039 0.0315842259642244
1959 4843 0 M0039 0.000194427174224563
1959 6012 0 M0039 0.0641557976774193
1959 5784 0 M0039 0.049338104971668
1959 5615 0 M0039 0.142503299421033
1959 3340 0 M0039 0.000107983740036979
1959 5567 0 M0039 0.0328408269568438
1959 5815 0 M0039 0.0667131733309747
1959 3625 0 M0039 0.0538138881794228
1959 4312 0 M0039 0.0960738874405832
1959 4208 0 M0039 0.098756978256748
1959 5725 0 M0039 0.105936572431367
1959 2442 0 M0039 0.101755364018432
1959 6060 0 M0039 0.0759616213155375
1959 6124 0 M0039 0.0940923930035428
1959 6125 0 M0039 0.115031623774256
1959 6140 0 M0039 0.0767126425054712
4074 2187 0 M0039 0.178866745706036
4074 4189 0 M0039 0.215496092562315
4074 3222 0 M0039 0.18369804484734
4074 4843 0 M0039 0.00719368435355327
4074 6012 0 M0039 0.210607387115349
4074 5784 0 M0039 0.133080785738698
4074 5615 0 M0039 0.215607678127105
4074 3340 0 M0039 1.52507565671318e-06
4074 5567 0 M0039 0.189568377291162
4074 5815 0 M0039 0.168006509343713
4074 3625 0 M0039 0.170422689160140
4074 4312 0 M0039 0.215417519618210
4074 4208 0 M0039 0.188572929668597
4074 5725 0 M0039 0.203126203511192
4074 2442 0 M0039 0.222837313829435
4074 6060 0 M0039 0.182457456758805
4074 6124 0 M0039 0.189545333001308
4074 6125 0 M0039 0.203055190775377
4074 6140 0 M0039 0.192765764808945
2187 4189 0 M0039 0.237332087962389
2187 3222 0 M0039 0.209933809464366
2187 4843 0 M0039 0.0081830584150426
2187 6012 0 M0039 0.235415071235271
2187 5784 0 M0039 0.134231846294597
2187 5615 0 M0039 0.2372417737655
2187 3340 0 M0039 2.00483927324417e-06
2187 5567 0 M0039 0.212193634851587
2187 5815 0 M0039 0.177385811742173
2187 3625 0 M0039 0.192890229453983
2187 4312 0 M0039 0.242161600251356
2187 4208 0 M0039 0.200911979325714
2187 5725 0 M0039 0.220991905346134
2187 2442 0 M0039 0.259262690084891
2187 6060 0 M0039 0.208319494743581
2187 6124 0 M0039 0.211815727361147
2187 6125 0 M0039 0.221151864558620
2187 6140 0 M0039 0.217886128921353
4189 3222 0 M0039 0.143426006942716
4189 4843 0 M0039 0.00470920274191435
4189 6012 0 M0039 0.171378357718861
4189 5784 0 M0039 0.157133315663837
4189 5615 0 M0039 0.264527185849751
4189 3340 0 M0039 4.90373560705527e-06
4189 5567 0 M0039 0.164041511595885
4189 5815 0 M0039 0.205067018377151
4189 3625 0 M0039 0.179189690713882
4189 4312 0 M0039 0.219855540887739
4189 4208 0 M0039 0.236250451641876
4189 5725 0 M0039 0.216053076893800
4189 2442 0 M0039 0.192770148876161
4189 6060 0 M0039 0.209182979355417
4189 6124 0 M0039 0.248734750254162
4189 6125 0 M0039 0.209251069509002
4189 6140 0 M0039 0.222683261266118
3222 4843 0 M0039 0.00499142059702637
3222 6012 0 M0039 0.122633997230525
3222 5784 0 M0039 0.124882190061220
3222 5615 0 M0039 0.189542216500174
3222 3340 0 M0039 1.06543543141016e-06
3222 5567 0 M0039 0.0798299395747637
3222 5815 0 M0039 0.176245545778711
3222 3625 0 M0039 0.171806731181937
3222 4312 0 M0039 0.181520235053082
3222 4208 0 M0039 0.178501977709952
3222 5725 0 M0039 0.16873395713776
3222 2442 0 M0039 0.138733935135814
3222 6060 0 M0039 0.177081998852353
3222 6124 0 M0039 0.205731643793706
3222 6125 0 M0039 0.164004038828882
3222 6140 0 M0039 0.208719581390878
4843 6012 0 M0039 0.00437441882056324
4843 5784 0 M0039 0.00486660483645938
4843 5615 0 M0039 0.00539896289449421
4843 3340 0 M0039 2.72874514549068e-06
4843 5567 0 M0039 0.0049704882143098
4843 5815 0 M0039 0.0061764293302408
4843 3625 0 M0039 0.00789123240255024
4843 4312 0 M0039 0.00609580213338236
4843 4208 0 M0039 0.00577152607596465
4843 5725 0 M0039 0.00509865913324124
4843 2442 0 M0039 0.00357374472071157
4843 6060 0 M0039 0.00621569417879207
4843 6124 0 M0039 0.00731103900229948
4843 6125 0 M0039 0.00497676893373599
4843 6140 0 M0039 0.00768160459212594
6012 5784 0 M0039 0.152163792786579
6012 5615 0 M0039 0.236019546431768
6012 3340 0 M0039 3.83168724531235e-07
6012 5567 0 M0039 0.130829016999080
6012 5815 0 M0039 0.210630249976660
6012 3625 0 M0039 0.188173796640748
6012 4312 0 M0039 0.207145160327080
6012 4208 0 M0039 0.215421488441332
6012 5725 0 M0039 0.210704897881433
6012 2442 0 M0039 0.163772688324145
6012 6060 0 M0039 0.20372351120859
6012 6124 0 M0039 0.249896962721472
6012 6125 0 M0039 0.186332563455077
6012 6140 0 M0039 0.227282280359208
5784 5615 0 M0039 0.159969612126362
5784 3340 0 M0039 1.83830888661830e-06
5784 5567 0 M0039 0.124316841432569
5784 5815 0 M0039 0.126723036619751
5784 3625 0 M0039 0.123977323571569
5784 4312 0 M0039 0.153170656225589
5784 4208 0 M0039 0.152156078433627
5784 5725 0 M0039 0.153480996162515
5784 2442 0 M0039 0.150097663754813
5784 6060 0 M0039 0.135145768171630
5784 6124 0 M0039 0.144743569865456
5784 6125 0 M0039 0.147356649440437
5784 6140 0 M0039 0.135692423259263
5615 3340 0 M0039 6.12922145734229e-06
5615 5567 0 M0039 0.205064069542912
5615 5815 0 M0039 0.209817287999304
5615 3625 0 M0039 0.180318846942895
5615 4312 0 M0039 0.237627382802795
5615 4208 0 M0039 0.229988559474836
5615 5725 0 M0039 0.229956632349907
5615 2442 0 M0039 0.265334584796182
5615 6060 0 M0039 0.202663422360124
5615 6124 0 M0039 0.244561734290111
5615 6125 0 M0039 0.227690688626036
5615 6140 0 M0039 0.223578894800375
3340 5567 0 M0039 1.25468835727515e-06
3340 5815 0 M0039 1.19087815727928e-06
3340 3625 0 M0039 5.59101970354541e-06
3340 4312 0 M0039 1.63770462101225e-06
3340 4208 0 M0039 2.21186926785285e-06
3340 5725 0 M0039 3.40175787093556e-06
3340 2442 0 M0039 2.08999516308322e-05
3340 6060 0 M0039 5.6773454349383e-07
3340 6124 0 M0039 3.38223701377051e-07
3340 6125 0 M0039 4.15601692495468e-06
3340 6140 0 M0039 7.2901949271945e-07
5567 5815 0 M0039 0.175947699097350
5567 3625 0 M0039 0.169130123437013
5567 4312 0 M0039 0.196492402715592
5567 4208 0 M0039 0.194253089488642
5567 5725 0 M0039 0.173738201079813
5567 2442 0 M0039 0.147318125864240
5567 6060 0 M0039 0.184144284216159
5567 6124 0 M0039 0.210068581308339
5567 6125 0 M0039 0.183797660312639
5567 6140 0 M0039 0.213072633016203
5815 3625 0 M0039 0.172078259052123
5815 4312 0 M0039 0.208245030062060
5815 4208 0 M0039 0.188333370459297
5815 5725 0 M0039 0.201126970916917
5815 2442 0 M0039 0.215329235502996
5815 6060 0 M0039 0.184060129040412
5815 6124 0 M0039 0.193123281939037
5815 6125 0 M0039 0.198429567841461
5815 6140 0 M0039 0.189926737600778
3625 4312 0 M0039 0.190282672379575
3625 4208 0 M0039 0.153571220610097
3625 5725 0 M0039 0.175696078001485
3625 2442 0 M0039 0.203334934097398
3625 6060 0 M0039 0.172101654951455
3625 6124 0 M0039 0.185518342989906
3625 6125 0 M0039 0.167965892137006
3625 6140 0 M0039 0.193081131559042
4312 4208 0 M0039 0.220805937986835
4312 5725 0 M0039 0.204324152200089
4312 2442 0 M0039 0.234572032119970
4312 6060 0 M0039 0.208963416392569
4312 6124 0 M0039 0.244319172945551
4312 6125 0 M0039 0.197337628833940
4312 6140 0 M0039 0.234556032064846
4208 5725 0 M0039 0.207751220601936
4208 2442 0 M0039 0.231257589185555
4208 6060 0 M0039 0.17715012233898
4208 6124 0 M0039 0.204479281515228
4208 6125 0 M0039 0.211312193870712
4208 6140 0 M0039 0.186178238043018
5725 2442 0 M0039 0.229619222560316
5725 6060 0 M0039 0.189385459316546
5725 6124 0 M0039 0.23013757935854
5725 6125 0 M0039 0.193512712949198
5725 6140 0 M0039 0.212064433057069
2442 6060 0 M0039 0.228583174353635
2442 6124 0 M0039 0.270436934960062
2442 6125 0 M0039 0.216283016209634
2442 6140 0 M0039 0.258734553026365
6060 6124 0 M0039 0.207580868214803
6060 6125 0 M0039 0.189802262883867
6060 6140 0 M0039 0.205469520294821
6124 6125 0 M0039 0.222166524485193
6124 6140 0 M0039 0.208951871314275
6125 6140 0 M0039 0.210934566513742
