3694 3894 0 M0039 0.486034323299883
3694 3077 0 M0039 0.139581599814002
3694 2117 0 M0039 0.138731056806195
3694 1317 0 M0039 0.0685578935805956
3694 2249 0 M0039 0.226677643384859
3694 3878 0 M0039 0.274171551043311
3694 2027 0 M0039 0.150155266834207
3694 2738 0 M0039 0.161435458121362
3694 2327 0 M0039 0.00648580064832166
3694 240 0 M0039 0.0187381842573463
3694 2828 0 M0039 0.0933539478605234
3694 1693 0 M0039 0.116114518990037
3694 2394 0 M0039 0.132941114634678
3694 10 0 M0039 0.222267064434078
3894 3077 0 M0039 0.136740278926024
3894 2117 0 M0039 0.135127730264749
3894 1317 0 M0039 0.0696499351695905
3894 2249 0 M0039 0.228172010365432
3894 3878 0 M0039 0.27969674187456
3894 2027 0 M0039 0.149934962982467
3894 2738 0 M0039 0.162316404993801
3894 2327 0 M0039 0.00630885875880518
3894 240 0 M0039 0.0186103533608924
3894 2828 0 M0039 0.094324190675040
3894 1693 0 M0039 0.117818181429478
3894 2394 0 M0039 0.135144537001821
3894 10 0 M0039 0.226592443255929
3077 2117 0 M0039 0.389802559928706
3077 1317 0 M0039 0.043543491156454
3077 2249 0 M0039 0.129976658751402
3077 3878 0 M0039 0.141816631008137
3077 2027 0 M0039 0.183365661493231
3077 2738 0 M0039 0.183223517688146
3077 2327 0 M0039 0.0090194143618168
3077 240 0 M0039 0.0230028950149914
3077 2828 0 M0039 0.0774983496573581
3077 1693 0 M0039 0.0844684316884226
3077 2394 0 M0039 0.0765376789151752
3077 10 0 M0039 0.115278166205706
2117 1317 0 M0039 0.0417816563916162
2117 2249 0 M0039 0.126731725941614
2117 3878 0 M0039 0.166615690748456
2117 2027 0 M0039 0.192058693054189
2117 2738 0 M0039 0.214109971791437
2117 2327 0 M0039 0.0067800048073874
2117 240 0 M0039 0.0197142711094344
2117 2828 0 M0039 0.0714458711346311
2117 1693 0 M0039 0.0833840850624957
2117 2394 0 M0039 0.0724213814114383
2117 10 0 M0039 0.127569295684040
1317 2249 0 M0039 0.0877856922278786
1317 3878 0 M0039 0.154761013423636
1317 2027 0 M0039 0.0835134923586736
1317 2738 0 M0039 0.084691216223746
1317 2327 0 M0039 0.0325652408155723
1317 240 0 M0039 0.0443072683233784
1317 2828 0 M0039 0.166714821565423
1317 1693 0 M0039 0.167866863802162
1317 2394 0 M0039 0.161674855490813
1317 10 0 M0039 0.157781985680997
2249 3878 0 M0039 0.342393914989210
2249 2027 0 M0039 0.19691720559735
2249 2738 0 M0039 0.202561647937088
2249 2327 0 M0039 0.0161247849925933
2249 240 0 M0039 0.0367903568581739
2249 2828 0 M0039 0.130313509661505
2249 1693 0 M0039 0.157085147612856
2249 2394 0 M0039 0.164708300788234
2249 10 0 M0039 0.267186228670722
3878 2027 0 M0039 0.252045296754326
3878 2738 0 M0039 0.242098028047432
3878 2327 0 M0039 0.0469093717424331
3878 240 0 M0039 0.0759183324438863
3878 2828 0 M0039 0.184026852393107
3878 1693 0 M0039 0.198622857481077
3878 2394 0 M0039 0.200626230841154
3878 10 0 M0039 0.252603530872646
2027 2738 0 M0039 0.407038139164346
2027 2327 0 M0039 0.0430049129177854
2027 240 0 M0039 0.0756668206995778
2027 2828 0 M0039 0.131901266611320
2027 1693 0 M0039 0.153137992511503
2027 2394 0 M0039 0.104667624176639
2027 10 0 M0039 0.166566860236576
2738 2327 0 M0039 0.0421324863371355
2738 240 0 M0039 0.0779729024689388
2738 2828 0 M0039 0.138717520890596
2738 1693 0 M0039 0.158412616079184
2738 2394 0 M0039 0.112233061145047
2738 10 0 M0039 0.166938806339139
2327 240 0 M0039 0.43449158283047
2327 2828 0 M0039 0.0816896755994643
2327 1693 0 M0039 0.0819115821702908
2327 2394 0 M0039 0.0297598142550726
2327 10 0 M0039 0.0285772343582806
240 2828 0 M0039 0.0962735602292163
240 1693 0 M0039 0.0985236643864202
240 2394 0 M0039 0.0455991439104972
240 10 0 M0039 0.0520672735164773
2828 1693 0 M0039 0.158316247393057
2828 2394 0 M0039 0.104707271804169
2828 10 0 M0039 0.188704412451888
1693 2394 0 M0039 0.135282379586482
1693 10 0 M0039 0.194475444610880
2394 10 0 M0039 0.218423047657105
