10700098 10701509 1 M0039 0.0573326197247001
10700124 10700398 -1 M0039 0.0599214421603079
10700196 NM_001009977  1 M0039 0.0308477086137299
10700124 10700211 -1 M0039 0.0545936425243407
10700303 NM_001009977  -1 M0039 0.0558638731481345
10700366 10700525 1 M0039 0.0720722767969815
10700366 10700398 -1 M0039 0.0678897544825933
10700400 10701121 -1 M0039 0.0360691095531499
10700366 10700440 -1 M0039 0.0434708891168868
Siahbp1 10701509 -1 M0039 0.0315172449100121
10700366 10700461 -1 M0039 0.0361065575711273
10700505 10701509 1 M0039 0.0224833125059177
10700525 10701509 -1 M0039 0.0741484458592318
10700366 10700596 -1 M0039 0.0272398667527449
10700366 10700605 -1 M0039 0.042182391645082
10700695 10940506 -1 M0039 6.43169653538136e-06
Lypla2 10701342 -1 M0039 9.42651378820357e-05
10700366 10700714 -1 M0039 0.061988508235719
10700366 10700728 -1 M0039 0.041717061587864
10700745 10799310 -1 M0039 9.13265308940743e-05
10700749 10701509 1 M0039 0.0729154066520088
10700864 SNORA67 1 M0039 0.0223801084605560
10700398 10700937 1 M0039 0.0475906811542006
10700999 NM_001009977  1 M0039 0.0266042906077652
10701009 10701509 1 M0039 0.0614969448199359
10701022 10820122 -1 M0039 0.0212447880685099
10700398 10701029 -1 M0039 0.0519192364518897
10700400 10701121 -1 M0039 0.0360691095531499
Lypla2 10701342 -1 M0039 9.42651378820357e-05
10700366 10701418 -1 M0039 0.0526957278086418
10701490 10701509 1 M0039 0.0704699865830063
10700525 10701509 -1 M0039 0.0741484458592318
Lypla2 10701549 -1 M0039 8.4531099937304e-05
10701577 10840005 -1 M0039 0.0356511891726154
10701549 10701595 -1 M0039 5.14391658360715e-05
10700366 10701607 -1 M0039 0.0414009476419038
10701509 RGD1562690_predicted 1 M0039 0.052211248082888
10701029 10708587 -1 M0039 0.0410966091142596
10700366 10710152 -1 M0039 0.0535281820799901
10701509 10714204 1 M0039 0.0664215682777929
10700366 10714830 -1 M0039 0.0269735740705771
10700366 SNORA8 -1 M0039 0.0510363172786595
10715250 10918865 -1 M0039 0.0640772322355369
SNORA36 NM_001009977  1 M0039 0.0235083020056452
10701029 10717588 -1 M0039 0.0322331842950604
10717953 NM_001009977  1 M0039 0.0331442044030878
RGD1310942_predicted NM_001009977  1 M0039 0.0437436925702197
NM_001009977  10892478 1 M0039 0.0619161015654033
10701509 10725567 -1 M0039 0.0510074003868985
10700366 10728028 1 M0039 0.0381376104263397
10700366 10738944 -1 M0039 0.0476408003428451
10701509 U6 -1 M0039 0.0529715761242451
10700366 10746040 -1 M0039 0.0357889121866668
NM_001009977  10751799 -1 M0039 0.0147587390245879
10751923 SNORA67 -1 M0039 0.0280438900912572
10701509 10757311 -1 M0039 0.0487425991743638
10701509 SNORA2 -1 M0039 0.0499993113831775
10701509 Olr1588_predicted -1 M0039 0.047004347979232
NM_001009977  XM_001055570  -1 M0039 0.0423641940293908
10700366 SNORA67 -1 M0039 0.0462635549946456
10701509 10769170 -1 M0039 0.0486710409256359
10701509 U6 -1 M0039 0.0434148079310849
10700366 10784677 -1 M0039 0.0490461737999723
10792331 10802189 1 M0039 0.0679612481578975
10701509 10793129 -1 M0039 0.0335790087372081
NM_001009977  LOC691382 -1 M0039 0.0332538008308643
10701509 10797879 -1 M0039 0.0481692901035328
10700745 10799310 -1 M0039 9.13265308940743e-05
10802189 10918865 -1 M0039 0.0679612481578975
10701509 XM_226431  -1 M0039 0.0506361718543855
ENSRNOG00000019 10940506 -1 M0039 7.13848125513252e-05
10700366 10820122 -1 M0039 0.0387160640850153
10701509 10823117 -1 M0039 0.0467273967529000
10802189 10824788 1 M0039 0.0628961503651256
10700366 10833466 -1 M0039 0.0471815049293772
10701509 NM_001109554  -1 M0039 0.046862897618069
10701509 q24 -1 M0039 0.0491110264840634
10701509 10840005 -1 M0039 0.0525809073115927
10701509 10851019 -1 M0039 0.04955964983047
10700366 ENSRNOT00000020546 -1 M0039 0.0327984929835519
10700211 RGD1561463_predicted 1 M0039 0.0183145676661800
10700366 10860125 -1 M0039 0.0351515572186020
10861211 10918865 1 M0039 0.0518089656222334
NM_001009977  Q7TPL0_RAT -1 M0039 0.0453339837259912
NM_001009977  10872129 -1 M0039 0.0519767423913099
NM_001009977  XM_342793  1 M0039 0.0538634731272442
NM_001009977  XM_342793  -1 M0039 0.0397909495906413
10701029 Spag8 -1 M0039 0.0300691078252271
10710152 10877667 -1 M0039 0.0299816920659768
10700366 10882890 -1 M0039 0.0540283855933487
NM_001009977  NULL -1 M0039 0.0312655756106567
10700366 10887141 -1 M0039 0.0477921141944973
10700366 Q6QI27_RAT -1 M0039 0.0436054518856202
NM_001009977  10892478 1 M0039 0.0619161015654033
10700366 Olr1057_predicted -1 M0039 0.0311615573227642
10700366 D11354  -1 M0039 0.028632751520541
10715250 10911847 -1 M0039 0.059273514798493
10700366 10913590 -1 M0039 0.0470280802029193
10802189 10918865 -1 M0039 0.0679612481578975
10701509 10921268 -1 M0039 0.0647042768782733
10700366 Trmt2b -1 M0039 0.0470154520076267
10701509 10939699 -1 M0039 0.0642585395532701
10714204 10940502 -1 M0039 0.0654162500120032
